0.5343028 -0.1011998 3.918857 309.7382 215.097 1112.651 573.8586 -0.5903423 0.001965973 0.8060259 -0.04259695 2
0.5208343 0.1835689 3.898567 308.7362 188.4001 1109.727 496.1318 -0.5022188 -0.002528782 0.8636885 -0.04256725 2
0.4977564 0.449358 3.879193 306.8374 163.1932 1104.099 422.8243 -0.4161193 -0.0199393 0.9069712 -0.0620511 2
0.4332761 0.5681306 3.890192 300.642 152.1101 1085.96 390.6207 0 0 0 0 2
0.3737928 0.3516364 3.977092 294.2227 173.2753 1067.155 452.1 0.2160124 0.7491615 -0.5920942 -0.2037648 2
0.2444027 0.1219154 3.799725 283.3404 193.9075 1036.233 512.1797 -0.3434794 0.9026775 -0.1433701 -0.2159635 1
0.3737469 0.2711087 3.895232 294.9341 180.1685 1069.565 472.16 0.365316 0.3897052 0.8406186 0.08963569 1
0.3774227 0.3360397 3.928982 294.982 174.3324 1069.544 455.1765 0.5111828 0.1467944 0.8257017 0.1880433 1
0.5718195 0.3333132 3.722783 316.1104 172.8283 1131.706 450.8547 -0.3443685 0.6776441 0.4907866 -0.4258372 2
0.378025 0.1075872 3.611767 298.1167 194.7415 1080.031 514.5967 0.3802054 -0.4684948 0.004161679 0.797458 2
0.2552539 -0.08304687 3.57225 285.9504 214.1442 1044.835 571.1595 0.1991321 0.4686365 -0.2149898 0.83337 2
0.2399625 -0.1405486 3.56695 284.4222 220.0533 1040.414 588.3854 0.08871384 0.5018522 -0.104063 0.8540756 1
0.509934 -0.1046607 3.935463 307.2536 215.3778 1105.372 574.6848 0.2234813 0.7229776 -0.6259189 -0.1886397 2
0.1232914 0.01462385 3.786319 271.7213 204.2297 1002.443 542.2904 0.778089 -0.08343897 -0.1813358 0.5955945 1
0.08166569 -0.3270178 3.737076 267.811 237.6526 991.2932 639.7108 0.08367083 -0.400808 -0.0409063 0.9114159 2
-0.006874494 -0.3794007 3.639814 259.1259 243.7814 966.384 657.5735 0 0 0 0 2
0.5458826 -0.09181946 3.814544 312.2223 214.4565 1120.257 571.9851 -0.4738916 0.4878588 0.56563 -0.466351 2
0.1279717 -0.06409255 3.776103 272.2071 211.8471 1003.917 564.4999 -0.09672105 -0.6662365 0.7236069 -0.1522072 2
0.0003105135 -0.4175935 3.899536 259.8461 244.8268 967.4566 660.6135 0.2287479 0.5808431 0.02964546 0.7806515 1
0.05798867 -0.4173595 3.735579 265.4978 246.5281 984.5658 665.547 0 0 0 0 2
0.5034574 0.384985 3.885423 307.2881 169.3414 1105.438 440.6912 -0.4171158 -0.0254517 0.9072565 -0.04745743 2
0.4189944 0.3864988 3.916245 298.9967 169.5006 1081.232 441.131 0 0 0 0 2
0.4068073 0.3353971 3.8802 298.2022 173.9946 1079.088 454.1989 0 0 0 0 2
0.1753294 -0.1892984 3.498651 278.1448 225.4298 1022.433 604.074 0 0 0 0 2
0.2882547 -0.1754119 3.578429 289.2863 223.5747 1054.535 598.6278 0 0 0 0 2