0.26868 -0.02774318 3.155633 287.4904 211.7112 1068.13 576.6606 -0.242046 0.0269498 0.9697851 0.0142945 2
0.2881644 0.3008237 3.160465 289.7268 173.6504 1074.775 466.8932 -0.2688876 0.02654238 0.9626883 0.01503749 2
0.3053903 0.6201934 3.15205 291.8996 136.2967 1081.143 359.5424 -0.2977193 0.03272144 0.9538842 -0.01993207 2
0.2861055 0.7733929 3.172861 289.4768 118.9428 1074.06 309.7743 0 0 0 0 2
0.1393883 0.472001 3.242719 272.0916 155.1844 1023.531 413.5277 0.1254749 0.7940554 -0.5540342 -0.2162826 2
0.108667 0.1968415 3.26676 268.5122 186.4612 1012.897 503.617 -0.006374159 0.726651 -0.07006894 -0.6833945 2
0.09132562 -0.002594927 3.209979 266.7481 208.791 1007.94 568.0806 0.1132445 -0.5645542 -0.08921344 0.8127085 2
0.08697267 -0.09435537 3.172184 266.3712 219.3694 1006.973 598.6299 0.1296283 -0.5629253 -0.1460152 0.8031134 2
0.4222443 0.4740522 3.038517 307.3239 151.2651 1126.168 402.7479 -0.2383861 0.7820715 0.5075153 -0.2719639 2
0.4623681 0.2297838 3.007571 312.683 180.4986 1141.737 486.8987 -0.07704051 0.9753134 0.06698708 0.1958092 2
0.4293785 0.0008318952 2.949782 309.6532 208.3922 1133.25 567.2448 0.01029401 0.4267118 -0.1405774 0.8933359 2
0.3965299 -0.0802265 2.944484 305.6544 218.4712 1121.694 596.2775 0.1559246 0.4478621 -0.1146288 0.8729075 2
0.1969281 -0.03144071 3.152402 279.1902 212.1424 1044.185 577.8478 -0.01968876 0.7249582 -0.6884086 0.01190089 2
0.2377712 -0.4195462 3.207633 283.4965 256.3986 1055.85 705.4824 -0.08061519 -0.5081589 0.033963 0.8568093 2
0.3063737 -0.8070723 3.23399 291.1606 300.2011 1077.165 831.1926 -0.09349398 -0.3189649 0.003806625 0.9431362 2
0.2598466 -0.8903601 3.193317 286.2708 311.0249 1063.17 862.1761 0 0 0 0 2
0.333675 -0.02332782 3.079935 295.9901 211.2669 1093.083 575.4377 -0.3190676 0.6356528 0.6483064 -0.2717356 2
0.4143243 -0.4208613 3.043369 306.2665 259.2015 1122.329 713.5657 -0.08989917 0.8529616 0.06228533 0.5103873 2
0.4669725 -0.8043355 3.067131 312.3551 304.9646 1138.921 844.7986 -0.007396148 0.8638199 0.07431594 0.4982345 2
0.3970441 -0.843071 2.941035 306.0284 313.985 1121.4 870.6364 0 0 0 0 2
0.3014046 0.5415896 3.156583 291.3617 145.5802 1079.564 386.1763 -0.2974879 0.02861424 0.9542966 0.0004856649 2
0.09494399 -0.1613786 3.16026 267.333 227.1668 1009.752 621.1493 0 0 0 0 2
0.04765651 -0.0948265 3.151875 261.8754 219.4936 994.0884 598.9583 0 0 0 0 2
0.3792545 -0.1580598 2.929563 303.7496 228.2507 1116.21 624.4611 0 0 0 0 2
0.4367839 -0.0691023 2.95881 310.4122 217.0488 1135.302 592.2043 0 0 0 0 2