0.2231029 0.183103 3.792084 277.8645 190.8368 1037.5 516.3287 -0.289727 0.06705825 0.9454569 -0.1329389 2
0.2365754 0.4417995 3.713518 279.6717 164.9392 1043.161 441.6862 -0.2884943 0.06688491 0.9458337 -0.1330262 2
0.2461982 0.6942438 3.622132 281.2775 138.1981 1048.248 364.8435 -0.2870122 0.07094734 0.9390616 -0.1753677 2
0.2157563 0.810078 3.584518 278.4444 125.5329 1040.279 328.4892 0 0 0 0 2
0.1150202 0.5990389 3.726252 267.6569 149.5979 1008.513 397.4156 0.2420161 0.7693202 -0.5788588 -0.1204042 2
0.1103845 0.390969 3.836763 266.8748 171.211 1005.704 459.618 0.1819617 0.7561002 -0.1593576 -0.6081181 2
0.1521704 0.4467751 3.602998 271.8091 163.1016 1020.946 436.3076 0.2111132 -0.05941188 0.7548617 -0.6181305 1
0.1994993 0.4766913 3.581233 276.7473 159.7528 1035.304 426.7235 0.4342476 0.2887017 0.7486179 -0.4094528 1
0.3376483 0.5749937 3.571677 291.004 149.4787 1076.461 397.3684 -0.1317171 0.7689371 0.5179724 -0.3508431 2
0.2894115 0.4088708 3.485635 286.7523 165.5415 1064.567 443.505 -0.1672581 0.8969824 -0.20519 0.3540402 2
0.194673 0.6359909 3.440169 277.0969 140.71 1037.02 371.9971 -0.5908504 -0.09804904 0.7776108 -0.1913208 2
0.1434965 0.6677179 3.447423 271.6122 137.4684 1021.19 362.6254 0.6608689 0.3676344 -0.5699264 0.3213739 1
0.1720705 0.1878047 3.794988 272.9282 190.3993 1023.234 515.022 -0.1278667 -0.6693299 0.7276314 -0.0787402 2
0.1978662 -0.1228821 3.901306 274.8926 220.0123 1028.28 600.5417 -0.11032 -0.4515806 0.1273371 0.876179 2
0.2451992 -0.4227203 4.057558 278.4652 246.6252 1037.778 677.3258 -0.2070899 -0.6257125 0.1341298 0.7400045 2
0.2443932 -0.504306 4.025849 278.5753 254.3614 1038.117 699.6057 0 0 0 0 2
0.2715088 0.1761968 3.727194 282.9929 191.2043 1052.561 517.4363 -0.2644316 0.6361614 0.6225555 -0.3712133 2
0.3180238 -0.1271859 3.804016 286.9289 220.7256 1063.394 602.6735 0.07567282 0.8821447 0.1218118 0.4486159 2
0.3429198 -0.4425046 3.966091 288.0075 249.3489 1065.591 685.2008 0.1997772 0.8874345 0.1283995 0.3950477 2
0.3063762 -0.5152261 3.951142 284.7479 256.2548 1056.161 705.0716 0 0 0 0 2
0.2440139 0.6320013 3.646943 280.8759 144.9679 1046.971 384.2719 -0.2876428 0.06676616 0.9427971 -0.1547175 2
0.2183416 0.4722642 3.529958 279 159.5004 1042.031 426.0237 0 0 0 0 2
0.2231718 0.4320082 3.555 279.3323 164.0036 1042.86 438.9885 0 0 0 0 2
0.1108068 0.7016321 3.439343 268.1655 133.6673 1011.31 351.679 0 0 0 0 2
0.09693562 0.6404235 3.4445 266.6652 140.3336 1006.932 370.7917 0 0 0 0 2